29.058100 80.183756
17.581854 -3.805768
-18.272478 -1.012257
-80.541317 -11.923728
-29.281811 -46.516642
90.610968 33.822858
-93.969440 56.397115
35.425625 -91.062497
37.234004 29.479162
-53.574959 17.324296
-2.682899 -53.177863
-77.671614 79.230218
-3.689858 -70.089665
-40.666256 -44.647207
-1.741865 -44.141928
-52.315931 48.342847
-63.824668 84.560665
-1.563234 -8.463058
60.370263 -29.531677
75.020503 17.819222
78.500518 95.473209
21.844693 44.762169
-54.153138 -74.404720
-84.012306 -49.985986
99.364348 -82.418123
62.110895 -95.835723
53.310663 -79.765850
62.948543 -92.645267
-94.249910 -4.821658
90.445124 -55.757111
47.192017 50.877182
-12.277544 -33.333614
31.288746 83.585413
-98.546447 -71.723076
-98.028648 -28.806742
-78.273211 -13.456454
52.303207 -45.802849
74.183744 9.175131
-50.312597 -53.853213
48.688308 36.420222
92.966644 -10.298689
61.118595 61.242556
-43.827377 -30.997676
-1.731831 65.249476
86.119980 54.099343
-31.493778 58.169234
-74.516020 -50.732491
-71.911346 -48.497660
-63.089849 37.661359
13.136261 47.720283
88.381225 43.820506
55.057092 58.318675
-12.225152 -91.443902
-92.426119 -39.457175
48.899600 -53.452352
-37.573268 -72.691108
-27.021187 -64.152485
-3.643075 6.958958
30.931963 -99.494025
21.085372 -37.102259
73.290074 -16.056028
26.028896 -98.935113
99.470035 54.977086
-48.626999 -86.416149
-5.587376 38.243732
-25.313136 92.906515
43.489464 -40.357194
-75.064337 64.981666
9.480423 -4.832823
32.961436 33.300230
-34.130640 78.034579
-44.623134 -73.122979
26.228978 53.504572
-73.812852 68.995134
51.822391 -21.981761
-96.207527 48.217843
-20.356145 81.362639
-45.816035 65.201378
-67.721953 -92.934834
38.950342 -21.471074
-87.764583 32.144862
-28.552156 -57.636276
-31.524235 55.268982
-13.630647 49.812159
-2.008822 77.081736
75.077892 60.678777
-24.195787 -90.458380
18.908549 1.568666
69.449327 2.433310
83.331914 1.940644
-8.936157 -1.133617
-58.500661 16.731432
9.717683 42.265035
-92.841305 -55.577509
-31.374495 73.071922
68.904611 74.972700
9.243868 57.965928
-0.469882 -21.332246
61.450328 91.113570
-87.746108 61.873594
-0.574880 -57.223379
-75.964859 -41.036868
-79.408142 50.138296
-92.956920 95.640845
15.364999 -76.145555
74.588100 19.906629
-70.614809 -99.423342
84.915395 33.273808
9.700465 80.668631
-31.638722 -5.328210
-40.475006 -89.309849
-14.040809 -52.524851
50.961571 99.604915
36.316465 43.238600
-94.320363 -36.206134
10.809611 -14.220228
50.471236 40.850271
-4.805877 32.811333
99.186805 1.220416
-65.875744 -98.685965
61.680592 -95.911350
95.920765 67.905582
-30.505169 65.992685
74.312572 56.929247
-64.322820 47.036089
-21.643280 78.741334
72.582379 -45.436080
-76.313990 15.325704
47.451114 4.353814
18.186622 -21.077737
-88.965765 -31.774008
-60.269282 -41.702287
-37.320425 -97.015370
-69.568872 46.146334
63.408983 -72.996334
77.169200 -89.013732
-42.032915 -72.033084
-23.340305 8.876021
30.566907 -81.183028
-22.012474 -60.269913
95.290403 -52.220389
-25.525304 67.346219
-51.473049 82.646421
25.441734 95.570659
-24.018888 61.717986
11.848063 -48.670315
89.209131 -28.774514
99.491615 -43.315447
-17.575272 -75.821189
-42.013271 66.314134
-41.258844 -28.415475
-31.085129 -37.105913
-78.936793 -33.081273
79.097953 13.842047
68.807372 -69.162963
-36.802445 43.293694
-82.675928 79.218558
1.543478 58.754718
64.174123 21.821689
77.525070 -24.644699
-98.417343 -92.214344
-83.739767 -89.900406
42.522954 57.738413
89.198150 78.284235
-57.070818 -79.767079
-92.935536 11.120388
3.077906 -51.677342
-98.355944 3.735552
-0.504228 -99.603560
63.431588 93.022656
-23.517310 36.375693
26.628402 -67.709721
88.611924 -87.765837
18.743692 -75.329043
3.415997 -63.955905
-74.922654 19.468020
29.608709 36.068534
-40.525593 -40.117747
-23.315940 -36.361366
37.225179 61.251398
-86.575375 -23.100664
-89.655630 53.632450
-29.138329 -18.708818
69.350983 77.178766
73.777493 66.314711
97.350686 38.709173
-80.477510 -94.528637
57.967575 -45.956818
75.750768 66.940777
69.179212 4.572565
-62.157503 66.235965
71.783732 71.050408
-55.888494 49.994008
-60.100260 73.562772
70.902277 -32.317931
-88.972924 -49.943310
-99.797159 47.532484
1.410398 -12.469178
-64.168264 -27.663998
-3.961578 -37.420784
42.809268 17.684017
-98.423972 -24.501889
90.147183 -28.592604
54.262579 3.245158
18.410933 -5.511497
-73.251674 -12.848055
47.989921 -15.417417
-46.390376 33.601519
50.049822 -86.409327
15.993044 -81.905696
19.626596 75.692344
14.005049 -29.582745
-0.837792 44.568919
12.700627 85.756120
-85.864065 -60.749112
-44.084135 32.487594
-76.076175 4.031680
-69.674249 -25.765694
29.682875 86.953590
-91.064901 73.595372
-51.997026 30.745988
27.775164 -19.910847
96.475782 -79.911106
-8.651770 40.392422
-66.096098 0.576211
-96.123593 -31.799974
-12.616929 74.045231
33.365989 95.188307
-33.453263 -35.803735
-81.739606 20.345610
69.148223 -3.436330
-67.267292 42.684607
80.936055 35.642715
14.243001 -98.893291
-70.588973 -86.933687
72.491918 -3.422881
-49.489649 2.864377
-28.511112 -90.404989
-10.778647 73.330063
-9.896993 44.951248
-41.722052 92.797421
72.475226 -63.226824
-99.407791 76.105490
79.697907 63.064120
-77.044950 -74.935768
47.846773 -1.011272
87.407125 -79.336374
-53.839891 -69.141071
48.994013 -15.317757
-58.180112 -83.579830
44.475617 -40.486539
-27.652393 45.069757
-89.588142 91.455377
74.617609 49.430165
14.125180 46.186596
65.989249 93.424901
-50.491823 93.433621
-19.041131 12.873264
-74.359232 -88.602755
-29.130300 80.663169
45.899412 39.075337
97.444970 38.327026
-62.417633 -78.963999
42.231221 -45.238610
-32.591620 -47.943154
-32.993432 8.811394
-13.497766 -40.613798
83.942001 -34.025536
26.966343 -69.314149
-67.296181 -24.606840
-30.427032 -78.527762
-57.675904 -14.592908
-34.700498 11.332184
16.111503 37.336206
-63.080676 -90.817878
-36.671694 -62.605559
52.358550 95.687650
-5.551800 38.490524
61.642658 77.604259
26.418284 20.936183
-68.764723 50.666493
-74.136232 -85.518917
83.623118 -32.863437
47.500134 14.182907
77.516025 -11.006798
-69.396673 -90.770236
18.069738 -66.704667
-17.664128 -11.881276
76.422996 -2.044951
-87.226087 22.146653
-44.225995 60.529507
-13.567498 81.264725
-30.361135 71.097886
23.208692 -99.760102
1.810797 44.832707
-2.710061 79.781167
19.244004 -64.854748
-52.742542 -2.566538
-5.080408 81.283391
53.583754 -57.922760
87.749316 67.065218
80.524812 8.228478
-94.395445 -91.626270
-32.575052 -70.755870
17.850980 96.403014
-25.547594 92.866351
-72.308406 -85.010738
99.887927 48.069920
-78.879819 83.922559
39.614916 -43.943594
-72.843304 54.970661
71.420025 44.185212
83.610908 4.061649
23.300805 -59.193310
-49.641080 9.133392
7.813747 42.130305
24.620808 -23.404233
-80.532894 4.947504
96.061078 -4.426051
-48.830837 19.622595
22.532018 43.194056
67.748077 -64.874997
86.740636 85.467176
65.503913 -31.685151
-57.931700 -73.603032
-45.322227 -12.298867
-73.180951 -82.642808
-22.613948 -88.119858
-55.201448 72.850084
-99.547374 -44.903486
57.680003 -92.519332
-15.485286 12.203601
-49.373789 30.753759
0.834080 7.242213
-13.582788 99.882346
-29.299320 -87.328535
-80.310267 -48.599340
-87.235221 -40.774253
-69.659552 56.274955
58.783306 2.559943
-96.482539 34.201148
-45.341345 -77.225030
-61.291495 4.120994
40.088137 -22.536667
71.316672 -48.929513
-76.919852 -79.881421
84.724461 -42.070708
-27.798405 98.014500
43.512450 -68.519829
-87.833892 -74.336646
-6.290452 14.988175
-88.798232 5.998898
2.826965 -63.149344
60.166205 79.226949
-79.408076 8.837947
-28.361592 60.188588
23.693822 52.557276
-48.777635 26.706350
97.627375 18.235729
-72.352190 93.174408
77.012171 -32.900480
-99.901748 20.326876
78.324920 63.885398
46.190727 -7.387706
-87.134600 -35.541149
-20.959579 -86.844355
-39.495056 -74.028238
-9.934159 -4.188254
-6.226642 71.728893
-88.639690 71.895876
9.610541 55.104549
-76.717379 69.922325
-34.211599 22.976660
-32.245116 22.510021
73.494961 30.692205
99.973013 19.234775
-61.578414 -91.254794
-25.631697 66.663245
37.823417 -36.390642
29.874438 59.163218
55.799402 -69.065577
56.893479 32.808971
-76.728902 35.892443
-38.825862 -92.414698
-56.002506 53.292669
53.715086 91.789645
54.402490 65.217872
-49.505724 71.062417
7.319940 46.565516
53.256403 20.719073
35.308048 59.949270
83.327484 -11.841702
65.257570 -34.680052
-37.641686 77.909215
-33.606338 97.047594
-41.849045 21.679649
5.173250 -6.729814
-93.370678 7.997386
74.778196 -18.080411
-17.716351 -48.898324
14.874376 56.503930
89.373653 73.824018
-38.882153 7.795927
-88.975499 -71.243841
-3.972772 -12.589120
-58.770270 -72.202782
23.066915 99.001200
-82.514650 86.629665
74.708855 47.541318
-61.285523 57.068421
61.352863 48.505868
-86.026682 -21.811835
-92.110832 -86.739013
1.809356 -21.612777
83.496742 -16.966122
-28.029427 89.302418
32.029571 -77.841584
79.908774 42.801768
-46.200197 79.402857
-67.295698 -38.445126
-37.684119 -66.523628
-57.310758 99.518665
8.225522 34.651967
65.980601 -58.176763
27.777071 -54.533945
-38.988755 -50.541120
-3.273842 -10.222345
91.798871 30.837736
-1.032068 93.309010
-38.275564 -18.171758
54.420972 -99.194264
-14.646966 50.204008
87.917269 47.655275
6.075686 27.562075
-71.049798 -61.239643
51.190307 -72.152040
-8.758862 80.021598
8.966623 62.208301
25.784510 -44.560625
-90.840069 -27.442219
-49.225067 14.754215
-6.653799 -52.863372
-83.741993 59.236997
-7.480793 -7.102866
-60.235428 35.316059
4.381403 -42.108554
-28.030487 21.064707
-8.895236 -3.466749
-87.142737 -90.025915
-73.182005 68.734961
-64.494206 -14.560109
-66.123474 42.610835
-9.450216 50.122748
-9.650609 -57.452954
-44.209813 71.177183
-10.448160 19.942327
-47.721083 -37.043913
-63.622722 -18.111623
18.050058 -84.450835
90.518312 -72.005956
56.114551 -38.046840
-55.202695 95.905868
-22.853581 51.385367
-0.443139 -41.296117
-12.991218 -76.224782
84.228690 -12.139562
-49.980042 96.502615
4.744890 -35.215203
40.694013 88.390871
-81.848890 88.990326
-23.427193 -35.310340
-93.964385 -67.200933
-63.368191 1.896084
31.825924 67.323013
-50.781912 -46.601272
-82.569818 -22.366404
4.047641 31.412125
-68.933709 -27.908992
-7.160196 12.271047
-61.242442 -13.768189
55.720440 -9.038525
83.647953 44.327237
-57.726214 -29.808320
-75.808506 -13.786748
23.687854 23.255582
10.868753 -69.354903
54.911928 94.503949
-54.239687 84.973313
30.849544 -24.112832
49.766840 29.291286
-89.084977 -9.591059
-71.213860 -37.822944
-91.758503 -32.947251
-97.906728 19.792588
-13.576278 6.498531
67.055920 67.575906
-51.304617 40.437470
5.741867 13.230079
-94.727692 -79.525456
39.908091 -37.984665
68.132973 20.790539
-73.332797 -27.529257
65.340605 96.672194
-62.435988 52.518332
-83.042784 75.510676
89.443249 66.733896
-29.358500 -14.165936
38.668514 -70.828597
-24.426294 -76.148396
95.431509 -3.158258
-96.266745 -51.353661
2.066736 -74.629615
-43.919153 -56.988744
23.481930 56.559814
-13.591282 -98.406287
-92.886814 -69.309257
-79.868838 -72.566544
68.431361 65.376520
52.846418 -77.360498
31.421268 -21.337488
89.874826 53.266145
64.700549 26.345214
-57.366938 75.233469
91.988041 -20.178239
-64.137666 38.022742
-33.197769 -54.307998
-39.203165 26.326253
-76.113704 0.356836
-26.824616 -65.196112
-83.757335 -82.842668
-50.647774 13.020831
-20.780812 37.697194
40.875317 24.241528
3.616525 27.969606
97.433558 -75.639794
-3.621534 -28.245174
-61.010580 42.439376
31.622060 -46.433303
92.801482 -79.391540
-6.075418 17.840191
-58.162777 25.921162
56.459998 85.840556
-49.226712 20.678949
-73.282469 -31.369686
57.813076 -29.463316
26.183923 -24.044466
27.656822 67.024846
75.289375 34.167038
43.241572 -56.063450
-71.253526 -25.755499
32.595376 -29.081926
49.077927 88.206894
-82.807427 31.604875
53.709906 94.368786
-7.642253 1.870338
-9.940907 -58.945269
-46.794895 -8.718989
-31.784939 57.422668
0.522031 -93.922584
-39.318244 75.766855
2.145461 49.880732
-2.063850 97.536539
-47.796485 67.648862
25.223063 97.611498
42.468432 -18.695541
71.313888 9.756615
54.291272 -10.051286
14.987618 -52.988623
-65.413089 31.262984
-62.969139 1.843593
-60.777127 98.141007
41.583048 -63.607748
-24.738464 -14.785714
-79.735654 -67.969224
98.833958 40.803652
87.581634 13.923292
82.998021 68.065882
47.762191 -11.165570
-38.445227 -3.018322
21.405086 -52.034649
0.586353 -76.886301
-21.986153 63.925892
32.397145 -10.244145
-67.148013 -4.983743
-40.933718 93.055637
70.333813 86.105558
45.870199 -89.384907
-91.270336 -86.998117
-38.914266 38.237013
-94.819454 -45.988050
-51.718669 23.855698
86.150006 83.368756
83.362966 95.506702
29.835716 26.785637
44.777651 -48.363483
33.456850 -8.179857
-67.163957 -53.592337
93.276644 -89.402237
79.533129 68.654983
10.602168 -72.684817
-28.881530 45.209299
-42.550760 -15.887709
30.491877 61.841590
4.047642 -57.998792
45.416516 -71.325896
89.687052 -20.718145
-97.156741 38.768426
-71.320696 85.149713
94.349447 -60.545053
-87.733228 -94.661693
-84.377260 -49.905989
-88.643135 4.117980
-88.788642 79.815823
68.966896 24.652486
76.695296 50.798960
9.922681 5.791554
-9.385681 -21.882479
-77.442825 -25.037706
-94.299847 55.375042
-95.448890 -7.860693
22.495375 77.845676
25.665707 -99.118598
-5.941607 98.749608
-34.180742 92.279124
-46.109481 -46.057085
-54.608969 64.073498
48.917121 97.506775
18.015638 -25.304133
-36.146182 -7.672476
5.762058 -25.890087
-85.017816 21.713389
-37.469978 -44.289212
60.089330 -12.000943
55.972181 -32.726109
-7.561480 -58.504761
58.695355 -92.486752
3.584796 -1.358241
70.162144 86.385949
-84.821251 -27.030344
-50.337555 38.157399
67.144464 -73.128220
66.307529 62.885542
28.399318 41.787597
93.241437 -85.758241
87.310006 -48.686832
-85.822416 -58.854014
-2.759456 47.354390
-5.698649 54.615509
4.483989 -61.892098
-0.113345 21.108292
-15.703783 -75.603460
-15.480662 68.924181
0.613561 42.902792
-94.854588 75.487008
19.294189 -33.395554
32.324206 40.624388
-4.795784 3.308186
1.326384 -60.054393
-65.984489 -52.572291
-20.791509 90.036252
32.152942 14.809387
52.208263 8.172783
-24.981833 1.178578
-53.096745 -73.045355
-68.928714 -14.762367
-87.596096 3.811299
-53.954502 -93.946587
76.820244 -34.119796
-0.595630 -58.066561
-50.640488 55.221247
70.321104 13.195743
-55.583363 -92.351885
-77.676586 57.428061
97.467028 -59.452000
21.568432 -54.962859
9.894765 74.640881
41.685085 43.154118
-62.505057 85.375993
-14.642144 -15.574091
26.816234 -75.699863
-87.600211 61.507757
26.165712 -24.640852
-15.490573 -94.825587
28.110050 -85.964268
38.799887 48.187317
-60.224785 -54.970198
30.155643 -74.344800
-61.786249 22.044667
-77.217722 -81.564926
48.838624 -45.915659
98.067211 -81.439156
64.929424 79.654608
-35.512223 -38.559519
48.710171 71.437686
80.137861 -1.835908
-70.946840 47.469328
8.744549 10.973382
-74.635967 35.231154
-9.716072 22.484668
-47.515832 -35.306788
-71.232936 -5.458573
-9.730802 74.950552
36.757901 -8.923572
14.636215 69.631217
-83.042342 -30.935753
28.994211 -70.974086
2.307253 70.243554
52.084843 86.327198
99.579925 50.498192
-48.024161 16.594078
41.342705 -48.650462
-58.477496 69.789791
-96.451092 63.552037
-27.732580 -25.166032
60.502719 71.485874
61.279844 -61.748107
-99.278943 -76.157476
-16.380251 -2.502319
-10.230081 40.770814
-76.606357 -21.179594
2.747056 -63.676998
-75.898815 60.478952
-67.752547 -9.154005
-58.450619 13.644241
-71.491090 0.636689
-28.891255 -21.804076
-29.354633 42.377649
13.608932 94.275282
-4.438489 -60.067812
26.612376 -79.192592
-37.993651 21.428775
95.017530 17.528686
10.590915 16.355736
-82.101691 -62.241617
46.124445 72.581853
-10.465392 99.569987
-38.617722 -54.748019
25.978006 -62.608894
-37.575170 47.568273
-38.139046 -3.963827
23.894544 -27.652671
68.355434 10.866790
59.039487 -12.781034
-98.294134 -45.827038
-90.922300 63.518892
-46.214576 30.898371
-96.627199 -97.634789
-51.697354 47.745056
5.595708 55.626800
-28.358736 -44.218893
-63.257919 -19.968483
0.409178 -67.775859
-35.692257 81.449065
-55.903635 18.978665
37.714543 -12.355813
77.851586 -48.396030
65.667458 -65.400488
98.458724 -3.377118
32.608423 88.929366
89.219926 55.192219
-46.267161 12.024316
-82.105863 22.531689
20.158800 11.052953
-7.125495 -97.258802
-51.774242 -98.239997
-50.474206 -49.399765
-5.781199 12.069667
78.865014 -55.679170
-97.819053 -94.443895
-79.139974 -48.990946
-61.133940 38.227743
-29.662477 -41.574599
56.898786 -23.450946
10.148977 -44.528762
-80.715244 41.645572
-22.738245 36.541884
-51.303218 19.117439
-85.551750 77.970598
0.935891 53.398274
-27.154138 -98.482293
-90.063616 38.825427
6.795771 -53.082140
94.138933 -51.239354
89.545585 64.554309
-75.048584 -64.716228
47.970584 75.388759
-87.583573 -1.166716
-23.275013 -46.927232
-62.357722 -75.534710
21.403161 -58.387737
16.290460 6.666210
87.740523 96.709375
88.763045 -66.797710
-94.262134 -2.144669
86.706005 -94.247131
90.662390 39.144111
-88.245167 -69.948634
-19.521079 -99.403666
75.909498 77.813823
-33.260005 5.970310
-97.810026 -13.573307
-21.411411 28.694308
84.525217 42.774388
32.466671 -0.756973
-77.060898 -26.558570
-11.647060 -9.975895
20.039367 -36.490351
46.550384 22.031309
-1.607225 23.749109
5.934826 45.989990
-57.444944 -68.263143
25.238940 -64.638326
19.348143 6.479541
28.344022 -81.578049
98.202060 34.192466
-41.101887 -18.783432
90.821339 -71.547829
-23.086154 21.511029
-51.767047 -18.262433
13.949473 98.600394
0.843386 -63.344781
18.974710 -56.528031
-42.838943 -24.102965
-42.806589 11.088818
52.261009 38.190545
94.707865 69.080637
73.370163 22.674689
-14.945341 -4.903377
9.535701 -64.874574
38.074990 -91.320947
-34.883531 -85.129375
20.775297 -62.984855
-91.603915 -62.396477
77.431548 -99.615889
44.056868 -90.882596
65.662687 -98.291685
23.874236 70.461227
12.473192 15.397108
83.645044 91.873431
55.546544 56.477920
-63.517679 -46.657722
94.941113 -15.913419
-67.368851 97.542425
-89.596305 -47.578479
-35.472341 79.713812
-6.045665 -4.621783
-38.106407 -85.840147
-16.786836 -82.112131
28.955035 83.660123
22.653645 -96.431327
-30.434395 82.828318
-74.598156 -66.311536
18.592207 -96.917820
-62.738861 -66.643547
-49.288765 -10.532730
86.047313 -58.858744
79.353471 -71.879486
-29.032215 -32.744047
78.640593 -15.637172
65.881938 -2.173877
47.214442 56.208296
40.252210 67.151620
-92.088503 -37.305893
-0.268712 99.805855
39.988091 -81.824224
97.798668 87.371201
34.898617 -33.231300
0.885834 66.047011
10.684010 63.205966
85.824536 62.515194
70.906826 28.780860
26.674269 35.632000
2.061931 -28.555913
-74.448653 51.698441
89.630671 37.152759
66.588582 48.242045
22.450021 68.568394
-71.372368 32.189759
-48.052302 -34.789668
86.056996 -12.211341
-61.079295 -69.599569
52.444926 -78.494839
-62.607776 22.488825
-88.439560 -79.688764
-55.721850 -66.381895
-38.200723 -49.839018
-67.021990 -75.665245
52.576989 -41.343332
-57.768507 46.529076
96.348183 -54.130012
-17.065493 -69.557300
50.674146 -12.138993
-56.287345 75.177417
-62.878385 -96.585494
-92.035248 75.843022
-16.416374 64.955226
-86.682213 -0.761180
-33.048247 -83.406367
96.028132 -93.517008
-29.368520 29.260542
-39.372104 -45.057510
25.895603 -73.633184
4.613490 -25.824353
86.667610 66.414879
-73.893196 1.930905
92.419234 -52.559539
-20.404368 94.118570
67.795981 -66.382278
83.483888 -18.053210
-62.667995 -96.581833
-17.435847 54.733111
-40.221349 19.807608
0.628280 99.965077
41.967492 19.767780
10.352048 -93.772966
6.162049 -95.834029
-9.600598 29.429827
-77.251657 -85.796157
-96.251247 83.468354
-12.304161 83.396028
56.110696 -14.867444
23.232224 -9.038953
18.874902 79.058761
-32.301603 79.577332
-24.435939 56.800246
53.085155 21.660988
12.859630 -34.835146
-20.805523 58.695370
-51.983754 71.226213
-32.237498 42.411765
-25.913301 74.039586
98.430377 25.731760
-46.788705 -4.503389
25.612142 9.328495
-16.833598 -17.542286
-14.254290 -31.215055
2.473771 -50.669783
-88.995746 -95.621873
6.486620 12.491840
-77.897002 52.107335
81.708244 -80.516378
84.940992 64.564950
61.686103 -41.364472
-59.830746 -7.035628
-60.179473 -28.733846
62.013704 61.538913
80.358245 17.656140
-65.192569 40.773706
-90.849618 -75.819965
86.724355 93.256999
46.644612 57.143162
14.358778 -27.356531
-52.387387 0.380813
7.913681 56.132822
23.557779 -96.567073
78.880821 79.725939
-38.882096 84.858740
-33.681419 -2.158751
90.687111 -18.476819
36.201972 -56.821074
52.186157 96.670132
92.095619 99.055933
-68.480458 85.949502
95.732921 -37.781211
81.522982 66.132712
23.928361 45.894697
51.923183 34.617525
7.649091 -67.142774
65.071292 54.947234
-12.133104 -63.685074
-19.899533 19.750226
-24.594307 -54.062769
52.060243 58.111624
33.568605 -85.343460
56.842860 -56.565904
-68.836854 -19.506974
-96.348650 -0.472965
38.567614 -11.347965
-80.903905 -64.096831
-13.793708 33.878934
87.808518 -62.025823
25.925071 -98.547742
-42.508612 -76.057155
87.068933 -18.032083
-91.794314 15.502818
14.334377 53.830160
3.504403 14.310758
-16.835981 -49.660123
91.629122 -71.370535
-63.948448 71.976257
-56.123373 -6.239465
-61.020664 -21.032817
92.547759 -15.349130
92.029735 -92.320859
-40.050050 -45.714350
-85.586394 54.768775
-1.571584 59.045266
45.643462 17.779292
-32.477229 42.836726
32.755526 -75.144375
